89
A01        0.00000000 0.00262977 0.00661717 9.00000000 0.00393306 0.00213377 9.00000000 9.00000000 9.00000000 0.00269721 0.00209622 0.00266954 0.00286534 0.00225750 0.00256249 0.00254125 0.00284447 9.00000000 9.00000000 0.00297865 0.00093094 0.00127598 0.00444088 0.00000048 0.00212821 0.00353736 0.00382607 9.00000000 9.00000000 0.00000048 0.00046562 0.11671203 0.00242147 0.00445611 0.00000048 0.00239155 0.00000048 0.00309747 9.00000000 9.00000000 9.00000000 0.00276367 0.00223655 0.07294963 0.00210917 0.00188678 0.00000048 0.00057194 0.00281653 0.00199132 9.00000000 9.00000000 0.00050070 0.00251898 0.00496338 0.00337572 0.00292890 0.00304796 0.00242575 0.00516644 0.00103867 9.00000000 9.00000000 0.00220610 9.00000000 0.00302168 0.00242329 0.00320993 0.00144177 0.00000048 0.00498107 9.00000000 9.00000000 9.00000000 0.00000048 0.03273164 9.00000000 0.00278054 0.00000048 9.00000000 0.00149914 0.00180839 9.00000000 9.00000000 9.00000000 0.00284603 0.00413907 0.05539511 9.00000000 
A02        0.00262977 0.00000000 0.00220659 9.00000000 0.00168463 0.00378659 9.00000000 9.00000000 9.00000000 0.00261495 0.00258922 0.00221619 0.00350348 0.00189998 0.00395148 0.00246556 0.00203681 9.00000000 9.00000000 0.00335733 0.01401080 0.00212843 0.00378514 0.00000048 0.00124831 0.00194350 0.00314645 9.00000000 9.00000000 0.00000048 0.00333975 0.08526179 0.00134235 0.00420862 0.00081157 0.00144950 0.00000048 0.00342687 9.00000000 9.00000000 9.00000000 0.00157173 0.00129992 0.09163783 0.00314507 0.00309607 0.02913370 0.00037849 0.00432365 0.00148633 9.00000000 9.00000000 0.00071086 0.00183305 0.00188233 0.00434493 0.00318180 0.00234214 0.00246625 0.00277479 0.00303059 9.00000000 9.00000000 0.00182121 0.00000048 0.00236375 0.00340875 0.00000048 0.00270368 0.01775998 0.00175093 9.00000000 9.00000000 9.00000000 0.02090246 0.03159962 9.00000000 0.00218275 0.00000048 9.00000000 0.00120966 0.00389812 9.00000000 9.00000000 9.00000000 0.00430650 0.00386968 0.07884308 9.00000000 
A03        0.00661717 0.00220659 0.00000000 9.00000000 0.00000048 0.00347714 9.00000000 0.01521635 0.02130160 0.00232801 0.00078440 0.00114337 0.00644164 0.00098527 0.00039236 0.00098103 0.00308225 9.00000000 9.00000000 0.00670794 0.00155741 0.00087904 0.00118877 0.00000048 0.00600347 0.00351755 0.00167120 9.00000000 9.00000000 9.00000000 0.00000048 9.00000000 0.00501675 0.01522122 0.00000048 0.00166003 0.00533117 0.00000048 9.00000000 9.00000000 9.00000000 0.00335463 0.00000048 0.06459559 0.00148538 0.00253089 9.00000000 0.00000048 0.00092869 0.00196672 9.00000000 9.00000000 0.00203569 0.00000048 0.00613849 0.00385585 0.00298030 0.00258985 0.00166462 0.00248971 0.00000048 9.00000000 9.00000000 0.00824472 9.00000000 0.00124797 0.00390207 9.00000000 0.00334206 9.00000000 0.00303838 9.00000000 9.00000000 9.00000000 9.00000000 0.04445357 9.00000000 0.00378827 0.00000048 9.00000000 0.00093691 0.00344043 0.01706370 9.00000000 9.00000000 0.00167832 0.00284379 0.06651485 0.01897298 
A04        9.00000000 9.00000000 9.00000000 0.00000000 9.00000000 9.00000000 9.00000000 0.02070619 0.02312133 9.00000000 9.00000000 9.00000000 9.00000000 9.00000000 9.00000000 9.00000000 9.00000000 0.02207668 0.08583223 9.00000000 9.00000000 9.00000000 9.00000000 9.00000000 9.00000000 9.00000000 9.00000000 0.02135935 0.02167547 9.00000000 9.00000000 9.00000000 9.00000000 9.00000000 9.00000000 9.00000000 9.00000000 9.00000000 0.02830316 0.02154057 0.08184810 9.00000000 9.00000000 9.00000000 9.00000000 9.00000000 9.00000000 9.00000000 9.00000000 9.00000000 0.01650374 0.08375689 9.00000000 9.00000000 9.00000000 9.00000000 9.00000000 9.00000000 9.00000000 9.00000000 9.00000000 0.00000048 0.08899151 9.00000000 9.00000000 9.00000000 9.00000000 9.00000000 9.00000000 9.00000000 9.00000000 0.01922939 9.00000000 0.06027723 9.00000000 9.00000000 0.07621028 9.00000000 9.00000000 0.00424223 9.00000000 9.00000000 0.02181457 0.02078604 0.01776106 9.00000000 9.00000000 9.00000000 0.03150901 
A05        0.00393306 0.00168463 0.00000048 9.00000000 0.00000000 0.00040571 9.00000000 9.00000000 9.00000000 0.00262883 0.00511402 0.00247369 0.00195561 0.00775668 0.00539437 0.00330745 0.00198126 9.00000000 9.00000000 0.00236919 0.00304390 0.00247300 0.00540659 0.00111257 0.00173371 0.00302772 0.00251423 9.00000000 9.00000000 0.01286572 0.00053754 9.00000000 0.00295153 0.00469493 0.00000048 0.00410191 0.00000048 0.00369340 9.00000000 9.00000000 9.00000000 0.00673882 0.00131469 0.09542483 0.00366401 0.00173369 0.00000048 0.00301317 0.00390651 0.00722180 9.00000000 9.00000000 0.00246306 0.00502442 0.00109807 0.00243916 0.00318518 0.00158052 0.00082148 0.00347957 0.00519465 9.00000000 9.00000000 0.00000048 9.00000000 0.00359775 0.00454591 0.00458273 0.00145496 0.00000048 0.00226461 9.00000000 9.00000000 9.00000000 9.00000000 0.02622877 9.00000000 0.00279222 0.00000048 9.00000000 0.01055644 0.00477139 9.00000000 9.00000000 9.00000000 0.00074609 0.00275179 0.07098744 9.00000000 
A06        0.00213377 0.00378659 0.00347714 9.00000000 0.00040571 0.00000000 9.00000000 9.00000000 9.00000000 0.00149083 0.00241176 0.00117698 0.00090872 0.00037440 0.00083527 0.00253978 0.00143413 9.00000000 9.00000000 0.00254280 0.00167458 0.00155907 0.00498598 0.00000048 0.00345418 0.00058908 0.00118432 9.00000000 9.00000000 9.00000000 0.00000048 9.00000000 0.00453533 0.00143591 0.00000048 0.00194732 0.00000048 0.00360221 9.00000000 9.00000000 9.00000000 0.00172104 0.00312324 0.06229122 0.00118865 0.00489605 0.00000048 0.00000048 0.00155921 0.00000048 9.00000000 9.00000000 0.00239313 0.00342430 0.00000048 0.00041338 0.00120423 0.00100459 0.00133366 0.00210041 0.00028598 9.00000000 9.00000000 9.00000000 9.00000000 0.00377075 0.00192866 0.00441686 0.00284818 9.00000000 0.00226190 9.00000000 9.00000000 9.00000000 9.00000000 0.03185608 9.00000000 0.00127445 0.00000048 9.00000000 0.00049779 0.00357933 9.00000000 9.00000000 9.00000000 0.00108283 0.00705356 0.09694712 9.00000000 
A07        9.00000000 9.00000000 9.00000000 9.00000000 9.00000000 9.00000000 0.00000000 0.00000048 0.00000048 9.00000000 9.00000000 9.00000000 9.00000000 9.00000000 9.00000000 9.00000000 9.00000000 9.00000000 9.00000000 9.00000000 9.00000000 9.00000000 9.00000000 9.00000000 9.00000000 9.00000000 9.00000000 0.04397237 0.00000048 9.00000000 9.00000000 9.00000000 9.00000000 9.00000000 9.00000000 9.00000000 9.00000000 9.00000000 0.00000048 9.00000000 9.00000000 9.00000000 9.00000000 9.00000000 9.00000000 9.00000000 9.00000000 9.00000000 9.00000000 9.00000000 9.00000000 9.00000000 9.00000000 9.00000000 9.00000000 9.00000000 9.00000000 9.00000000 9.00000000 9.00000000 9.00000000 9.00000000 9.00000000 9.00000000 9.00000000 9.00000000 9.00000000 9.00000000 9.00000000 9.00000000 9.00000000 9.00000000 9.00000000 9.00000000 9.00000000 9.00000000 0.03239225 9.00000000 9.00000000 0.01561811 9.00000000 9.00000000 0.00000048 0.00000048 9.00000000 9.00000000 9.00000000 9.00000000 0.00000048 
A08        9.00000000 9.00000000 0.01521635 0.02070619 9.00000000 9.00000000 0.00000048 0.00000000 0.00070379 9.00000000 9.00000000 9.00000000 9.00000000 0.00930565 0.01584108 9.00000000 9.00000000 0.00335364 9.00000000 9.00000000 9.00000000 9.00000000 9.00000000 9.00000000 9.00000000 9.00000000 0.01860597 0.00757604 0.00246982 9.00000000 9.00000000 9.00000000 9.00000000 9.00000000 9.00000000 9.00000000 9.00000000 9.00000000 0.00000048 0.00095033 9.00000000 9.00000000 9.00000000 9.00000000 9.00000000 9.00000000 9.00000000 9.00000000 9.00000000 9.00000000 0.00471258 9.00000000 9.00000000 9.00000000 9.00000000 9.00000000 9.00000000 9.00000000 9.00000000 9.00000000 9.00000000 9.00000000 9.00000000 9.00000000 9.00000000 9.00000000 9.00000000 9.00000000 9.00000000 9.00000000 9.00000000 0.00292907 9.00000000 9.00000000 9.00000000 9.00000000 0.04424414 9.00000000 9.00000000 0.01994221 0.01532986 0.01521635 0.00207403 0.00234289 0.00092251 9.00000000 9.00000000 9.00000000 0.00032549 
A09        9.00000000 9.00000000 0.02130160 0.02312133 9.00000000 9.00000000 0.00000048 0.00070379 0.00000000 9.00000000 9.00000000 9.00000000 9.00000000 0.00922198 0.01770300 9.00000000 9.00000000 0.00079461 0.09624012 9.00000000 9.00000000 9.00000000 9.00000000 9.00000000 9.00000000 9.00000000 0.02026491 0.00000048 0.00195944 9.00000000 9.00000000 9.00000000 9.00000000 9.00000000 9.00000000 9.00000000 9.00000000 9.00000000 0.00000048 0.00198670 0.07837988 9.00000000 9.00000000 9.00000000 9.00000000 9.00000000 9.00000000 9.00000000 9.00000000 9.00000000 0.00060710 9.00000000 9.00000000 9.00000000 9.00000000 9.00000000 9.00000000 9.00000000 9.00000000 9.00000000 9.00000000 0.00000048 0.09167827 9.00000000 9.00000000 9.00000000 9.00000000 9.00000000 9.00000000 9.00000000 9.00000000 0.00093621 0.00000048 0.05200427 9.00000000 9.00000000 0.00000048 9.00000000 9.00000000 0.02233845 0.02590475 0.02164125 0.00147319 0.00169228 0.00115236 9.00000000 9.00000000 9.00000000 0.00352815 
A10        0.00269721 0.00261495 0.00232801 9.00000000 0.00262883 0.00149083 9.00000000 9.00000000 9.00000000 0.00000000 0.00203354 0.00185293 0.00276732 0.00844989 0.00523305 0.00516825 0.00250412 9.00000000 9.00000000 0.00345057 0.00149835 0.00338378 0.00346596 0.00000048 0.00143370 0.00293003 0.00235532 9.00000000 9.00000000 0.00000048 0.00456207 0.19220263 0.00457160 0.00536302 0.00000048 0.00625428 0.00000048 0.00184431 9.00000000 9.00000000 9.00000000 0.00525705 0.00000048 0.09367114 0.00198904 0.00269173 9.00000000 0.00289731 0.00469899 0.00107971 9.00000000 9.00000000 0.00389115 0.00000048 0.00391240 0.00272185 0.00441929 0.00497749 0.00149402 0.00248592 0.00342159 9.00000000 9.00000000 0.00000048 9.00000000 0.00174035 0.00277783 0.00270831 0.00251823 0.00000048 0.00313035 9.00000000 9.00000000 9.00000000 9.00000000 0.02826714 9.00000000 0.00303052 0.00000048 9.00000000 0.00230943 0.00403703 9.00000000 9.00000000 9.00000000 0.00062449 0.00665666 0.05481259 9.00000000 
A11        0.00209622 0.00258922 0.00078440 9.00000000 0.00511402 0.00241176 9.00000000 9.00000000 9.00000000 0.00203354 0.00000000 0.00260567 0.00165480 0.00213780 0.00262703 0.00195750 0.00135693 9.00000000 9.00000000 0.00288026 0.00271234 0.00274263 0.00232864 0.00142309 0.00322917 0.00311082 0.00137695 9.00000000 9.00000000 0.00000048 0.00329709 0.11876100 0.00200190 0.00206136 0.00123265 0.00530749 0.00000048 0.00275481 9.00000000 9.00000000 9.00000000 0.00270217 0.00548235 0.08683294 0.00160525 0.00313559 0.00000048 0.00046586 0.00163292 0.00257545 9.00000000 9.00000000 0.00126005 0.00000048 0.00139465 0.00218826 0.00346514 0.00280175 0.00278473 0.00478112 0.00540466 9.00000000 9.00000000 0.00000048 9.00000000 0.00328732 0.00425147 0.00000048 0.00216317 0.00000048 0.00267605 9.00000000 9.00000000 9.00000000 0.00000048 0.02743194 9.00000000 0.00232051 0.00000048 9.00000000 0.00000048 0.00368445 9.00000000 9.00000000 9.00000000 0.00204985 0.00135159 0.06795043 9.00000000 
B01        0.00266954 0.00221619 0.00114337 9.00000000 0.00247369 0.00117698 9.00000000 9.00000000 9.00000000 0.00185293 0.00260567 0.00000000 0.00242947 0.00269693 0.00240318 0.00371311 0.00161313 9.00000000 9.00000000 0.00302080 0.00377294 0.00154395 0.00299947 0.00196560 0.00145602 0.00218558 0.00265502 9.00000000 9.00000000 0.00000048 0.00426480 0.13113864 0.00287273 0.00252624 0.00000048 0.00303719 0.00000048 0.00182452 9.00000000 9.00000000 9.00000000 0.00236063 0.00286556 0.08703349 0.00175720 0.00179064 0.00281707 0.00122134 0.00330331 0.00238463 9.00000000 9.00000000 0.00106714 0.00000048 0.00262151 0.00197053 0.00312745 0.00253246 0.00221687 0.00201410 0.00186864 9.00000000 9.00000000 0.00000048 9.00000000 0.00339199 0.00140381 0.00248820 0.00339714 0.00000048 0.00295204 9.00000000 9.00000000 9.00000000 0.00000048 0.02781086 9.00000000 0.00288891 0.00000048 9.00000000 0.00150475 0.00139999 9.00000000 9.00000000 9.00000000 0.00240958 0.00177608 0.06818970 9.00000000 
B02        0.00286534 0.00350348 0.00644164 9.00000000 0.00195561 0.00090872 9.00000000 9.00000000 9.00000000 0.00276732 0.00165480 0.00242947 0.00000000 0.00251064 0.00211186 0.00449736 0.00226369 9.00000000 9.00000000 0.00235567 0.00337134 0.00134981 0.00331057 0.00153083 0.00282105 0.00137973 0.00273921 9.00000000 9.00000000 0.00000048 0.00262448 0.11533491 0.00190788 0.00270619 0.00000048 0.00071605 0.00000048 0.00254352 9.00000000 9.00000000 9.00000000 0.00317751 0.00161552 0.08866198 0.00273040 0.00289704 0.00000048 0.00232957 0.00306700 0.00064291 9.00000000 9.00000000 0.00186779 0.00048640 0.00171638 0.00337073 0.00173710 0.00425913 0.00212415 0.00357333 0.00338964 9.00000000 9.00000000 0.00000048 9.00000000 0.00252950 0.00217621 0.00184352 0.00115136 0.00745293 0.00141155 9.00000000 9.00000000 9.00000000 0.00000048 0.03928104 9.00000000 0.00241487 0.00000048 9.00000000 0.00283710 0.00159724 9.00000000 9.00000000 9.00000000 0.00205402 0.00310457 0.07635728 9.00000000 
B03        0.00225750 0.00189998 0.00098527 9.00000000 0.00775668 0.00037440 9.00000000 0.00930565 0.00922198 0.00844989 0.00213780 0.00269693 0.00251064 0.00000000 0.00335912 0.00211741 0.00188583 9.00000000 9.00000000 0.00411073 0.00726676 0.00172146 0.00273339 0.00115631 0.00157715 0.00089229 0.00728850 9.00000000 9.00000000 0.00333866 0.00124524 0.04574830 0.00347119 0.00204540 0.00000048 0.00289675 0.00000048 0.00526056 9.00000000 9.00000000 9.00000000 0.00191207 0.00344597 0.09307456 0.00118754 0.00132454 0.00000048 0.00100167 0.00424438 0.00036229 9.00000000 9.00000000 0.00135946 0.00000048 0.00149604 0.00299147 0.00132922 0.00133250 0.00394953 0.00212295 0.00331713 9.00000000 9.00000000 0.00000048 9.00000000 0.00211978 0.00244339 0.00000048 0.00360015 0.00593980 0.00113702 9.00000000 9.00000000 9.00000000 0.00000048 0.03496146 9.00000000 0.00190348 0.00000048 9.00000000 0.00088225 0.00282491 0.00913476 9.00000000 9.00000000 0.00896896 0.00267794 0.07343862 0.00921674 
B04        0.00256249 0.00395148 0.00039236 9.00000000 0.00539437 0.00083527 9.00000000 0.01584108 0.01770300 0.00523305 0.00262703 0.00240318 0.00211186 0.00335912 0.00000000 0.00314055 0.00116041 9.00000000 9.00000000 0.00365566 0.00804301 0.00315947 0.00345751 0.00135477 0.00099161 0.00264477 0.00246660 9.00000000 9.00000000 0.00000048 0.00377641 0.12945630 0.00441680 0.00220145 0.00164266 0.00258843 0.00000048 0.00235823 9.00000000 9.00000000 9.00000000 0.00125487 0.00540726 0.07609651 0.00339069 0.00198278 0.00000048 0.00221437 0.00269214 0.00171693 9.00000000 9.00000000 0.00404664 0.00217662 0.00442431 0.00172692 0.00106006 0.00476237 0.00142387 0.00495134 0.00200888 9.00000000 9.00000000 0.00000048 9.00000000 0.00411431 0.00292136 0.00296751 0.00368638 0.00773673 0.00250732 9.00000000 9.00000000 9.00000000 9.00000000 0.03506527 9.00000000 0.00436880 0.00376251 9.00000000 0.00267620 0.00416074 0.01780522 9.00000000 9.00000000 0.00561282 0.00516369 0.05449515 0.01989400 
B05        0.00254125 0.00246556 0.00098103 9.00000000 0.00330745 0.00253978 9.00000000 9.00000000 9.00000000 0.00516825 0.00195750 0.00371311 0.00449736 0.00211741 0.00314055 0.00000000 0.00186168 9.00000000 9.00000000 0.00420674 0.00157176 0.00573542 0.00207693 0.00253032 0.00113738 0.00285162 0.00348278 9.00000000 9.00000000 0.00000048 0.00410564 0.12437329 0.00343386 0.00233524 0.00000048 0.00433866 0.00000048 0.00265870 9.00000000 9.00000000 9.00000000 0.00309581 0.00099831 0.09544386 0.00277707 0.00397227 0.00000048 0.00734341 0.00348531 0.00091695 9.00000000 9.00000000 0.00210607 0.00504516 0.00311543 0.00394135 0.00532369 0.00316610 0.00131815 0.00140654 0.00337122 9.00000000 9.00000000 0.00000048 9.00000000 0.00513753 0.00229492 0.00000048 0.00142129 0.03668541 0.00316311 9.00000000 9.00000000 9.00000000 9.00000000 0.03018376 9.00000000 0.00281716 0.00000048 9.00000000 0.00544484 0.00499988 9.00000000 9.00000000 9.00000000 0.00496005 0.00241926 0.09814609 9.00000000 
B06        0.00284447 0.00203681 0.00308225 9.00000000 0.00198126 0.00143413 9.00000000 9.00000000 9.00000000 0.00250412 0.00135693 0.00161313 0.00226369 0.00188583 0.00116041 0.00186168 0.00000000 9.00000000 9.00000000 0.00207648 0.00084421 0.00298508 0.00173582 0.00000048 0.00258725 0.00172460 0.00218292 9.00000000 9.00000000 0.00737590 0.00182348 0.09326732 0.00189324 0.00155647 0.00000048 0.00327647 0.00000048 0.00229783 9.00000000 9.00000000 9.00000000 0.00199547 0.00194544 0.07592971 0.00188317 0.00218434 0.00000048 0.00073602 0.00186258 0.00037811 9.00000000 9.00000000 0.00065514 0.00124566 0.00065528 0.00200412 0.00247625 0.00422553 0.00183278 0.00439409 0.00205532 9.00000000 9.00000000 0.00000048 9.00000000 0.00355563 0.00212989 0.00118507 0.00301621 0.00000048 0.00177985 9.00000000 9.00000000 9.00000000 9.00000000 0.03892010 9.00000000 0.00178392 0.00000048 9.00000000 0.00049974 0.00328858 9.00000000 9.00000000 9.00000000 0.00610013 0.00316591 0.06925213 9.00000000 
B07        9.00000000 9.00000000 9.00000000 0.02207668 9.00000000 9.00000000 9.00000000 0.00335364 0.00079461 9.00000000 9.00000000 9.00000000 9.00000000 9.00000000 9.00000000 9.00000000 9.00000000 0.00000000 0.09780107 9.00000000 9.00000000 9.00000000 9.00000000 9.00000000 9.00000000 9.00000000 9.00000000 0.00084141 0.00168737 9.00000000 9.00000000 9.00000000 9.00000000 9.00000000 9.00000000 9.00000000 9.00000000 9.00000000 0.00000048 0.00073260 0.09319731 9.00000000 9.00000000 9.00000000 9.00000000 9.00000000 9.00000000 9.00000000 9.00000000 9.00000000 0.00165278 0.07952646 9.00000000 9.00000000 9.00000000 9.00000000 9.00000000 9.00000000 9.00000000 9.00000000 9.00000000 9.00000000 0.10586965 9.00000000 9.00000000 9.00000000 9.00000000 9.00000000 9.00000000 9.00000000 9.00000000 0.00111201 0.00000048 0.08091323 9.00000000 9.00000000 0.00000048 9.00000000 9.00000000 0.01926061 9.00000000 9.00000000 0.00108974 0.00110826 0.00193848 9.00000000 9.00000000 9.00000000 0.00072268 
B09        9.00000000 9.00000000 9.00000000 0.08583223 9.00000000 9.00000000 9.00000000 9.00000000 0.09624012 9.00000000 9.00000000 9.00000000 9.00000000 9.00000000 9.00000000 9.00000000 9.00000000 0.09780107 0.00000000 9.00000000 9.00000000 9.00000000 9.00000000 9.00000000 9.00000000 9.00000000 9.00000000 9.00000000 0.07704302 9.00000000 9.00000000 9.00000000 9.00000000 9.00000000 9.00000000 9.00000000 9.00000000 9.00000000 9.00000000 0.07826622 0.00087674 9.00000000 9.00000000 9.00000000 9.00000000 9.00000000 9.00000000 9.00000000 9.00000000 9.00000000 0.08799771 0.00084741 9.00000000 9.00000000 9.00000000 9.00000000 9.00000000 9.00000000 9.00000000 9.00000000 9.00000000 9.00000000 0.00106859 9.00000000 9.00000000 9.00000000 9.00000000 9.00000000 9.00000000 9.00000000 9.00000000 0.19443870 9.00000000 0.00105818 9.00000000 9.00000000 9.00000000 9.00000000 9.00000000 0.09397698 9.00000000 9.00000000 0.06735657 0.05506926 0.09947376 9.00000000 9.00000000 9.00000000 0.08433011 
B10        0.00297865 0.00335733 0.00670794 9.00000000 0.00236919 0.00254280 9.00000000 9.00000000 9.00000000 0.00345057 0.00288026 0.00302080 0.00235567 0.00411073 0.00365566 0.00420674 0.00207648 9.00000000 9.00000000 0.00000000 0.01334333 0.00145621 0.00273746 0.00117198 0.00102704 0.00187433 0.00307334 9.00000000 9.00000000 0.00000048 0.00044899 0.11810877 0.00484741 0.00327248 0.00412634 0.00363505 0.00000048 0.00045254 9.00000000 9.00000000 9.00000000 0.00062138 0.00233139 0.07269186 0.00550064 0.00178563 0.00719312 0.00000048 0.00426120 0.00439186 9.00000000 9.00000000 0.00416834 0.00188562 0.00281223 0.00134636 0.00314799 0.00124448 0.00156061 0.00459336 0.00193399 9.00000000 9.00000000 0.00841649 9.00000000 0.00305940 0.00291899 0.00000048 0.00218459 0.00000048 0.00238323 9.00000000 9.00000000 9.00000000 0.00000048 0.02310676 9.00000000 0.00291063 0.00299467 9.00000000 0.00476466 0.00331002 9.00000000 9.00000000 9.00000000 0.00584009 0.00530249 0.06158783 9.00000000 
B11        0.00093094 0.01401080 0.00155741 9.00000000 0.00304390 0.00167458 9.00000000 9.00000000 9.00000000 0.00149835 0.00271234 0.00377294 0.00337134 0.00726676 0.00804301 0.00157176 0.00084421 9.00000000 9.00000000 0.01334333 0.00000000 0.00123528 0.00000048 0.00000048 0.00173273 0.00106806 0.00111362 9.00000000 9.00000000 0.00000048 0.00000048 9.00000000 0.01017898 0.00241881 0.00147875 0.01270402 0.00000048 0.00231106 9.00000000 9.00000000 9.00000000 0.00314079 0.00183006 0.09981891 0.00091952 0.00215861 0.05033809 0.00000048 0.00203463 0.00000048 9.00000000 9.00000000 0.00000048 0.00099980 0.00000048 0.00177742 0.00079866 0.00071911 0.00656404 0.00317554 0.00059469 9.00000000 9.00000000 0.00000048 9.00000000 0.00183571 0.00212873 0.00000048 0.00097187 9.00000000 0.00322040 9.00000000 9.00000000 9.00000000 0.01748707 0.04116676 9.00000000 0.00885549 9.00000000 9.00000000 0.00637468 0.00000048 9.00000000 9.00000000 9.00000000 0.00000048 0.00116580 0.07911956 9.00000000 
C01        0.00127598 0.00212843 0.00087904 9.00000000 0.00247300 0.00155907 9.00000000 9.00000000 9.00000000 0.00338378 0.00274263 0.00154395 0.00134981 0.00172146 0.00315947 0.00573542 0.00298508 9.00000000 9.00000000 0.00145621 0.00123528 0.00000000 0.00071914 0.00000048 0.00224334 0.00200389 0.00155122 9.00000000 9.00000000 0.00908412 0.00166667 9.00000000 0.00728464 0.00289916 0.00000048 0.00044895 0.00000048 0.00072082 9.00000000 9.00000000 9.00000000 0.00146315 0.00000048 0.08694012 0.00266319 0.00290345 0.00000048 0.00000048 0.00501884 0.00177452 9.00000000 9.00000000 0.00195386 0.00125669 0.00139398 0.00246818 0.00278712 0.00166247 0.00149879 0.00540684 0.00064912 9.00000000 9.00000000 0.00000048 9.00000000 0.00162312 0.00135535 0.00000048 0.00192775 0.00901588 0.00214407 9.00000000 9.00000000 9.00000000 9.00000000 0.03359447 9.00000000 0.00292613 0.00762007 9.00000000 0.00204104 0.00168538 9.00000000 9.00000000 9.00000000 0.00323032 0.00229044 0.12190604 9.00000000 
C02        0.00444088 0.00378514 0.00118877 9.00000000 0.00540659 0.00498598 9.00000000 9.00000000 9.00000000 0.00346596 0.00232864 0.00299947 0.00331057 0.00273339 0.00345751 0.00207693 0.00173582 9.00000000 9.00000000 0.00273746 0.00000048 0.00071914 0.00000000 0.00208422 0.00050619 0.00416415 0.00217397 9.00000000 9.00000000 0.08796711 0.00229435 0.11978131 0.00277125 0.00307279 0.00185913 0.00564704 0.00000048 0.00377190 9.00000000 9.00000000 9.00000000 0.00072930 0.00200836 0.07238165 0.00189784 0.00195761 9.00000000 0.00764079 0.00386565 0.00062813 9.00000000 9.00000000 0.00149488 0.00000048 0.00118429 0.00223681 0.00469085 0.00076321 0.00195367 0.00567698 0.00078619 9.00000000 9.00000000 0.00000048 9.00000000 0.00253912 0.00251559 0.00000048 0.00415785 9.00000000 0.00459562 9.00000000 9.00000000 9.00000000 9.00000000 0.02747892 9.00000000 0.00275518 0.00000048 9.00000000 0.00132866 0.00263257 9.00000000 9.00000000 9.00000000 0.00200129 0.00486425 0.07086615 9.00000000 
C03        0.00000048 0.00000048 0.00000048 9.00000000 0.00111257 0.00000048 9.00000000 9.00000000 9.00000000 0.00000048 0.00142309 0.00196560 0.00153083 0.00115631 0.00135477 0.00253032 0.00000048 9.00000000 9.00000000 0.00117198 0.00000048 0.00000048 0.00208422 0.00000000 0.00000048 0.00113302 0.00245691 9.00000000 9.00000000 9.00000000 0.00000048 9.00000000 0.01515666 0.00206765 0.00000048 0.00000048 0.00000048 0.00419397 9.00000000 9.00000000 9.00000000 0.00000048 0.00275800 0.07865678 0.00970830 0.00000048 0.00000048 0.00000048 0.00157522 0.00000048 9.00000000 9.00000000 0.00000048 0.01364960 0.00000048 0.00230091 0.00515612 0.00205344 0.00000048 0.00291421 0.01191189 9.00000000 9.00000000 9.00000000 9.00000000 0.00000048 0.00127545 0.00000048 0.00716624 0.05305652 0.00144976 9.00000000 9.00000000 9.00000000 9.00000000 0.01625606 9.00000000 0.00171737 0.00000048 9.00000000 0.00321945 0.00230217 9.00000000 9.00000000 9.00000000 0.00302456 0.00185564 0.05355955 9.00000000 
C04        0.00212821 0.00124831 0.00600347 9.00000000 0.00173371 0.00345418 9.00000000 9.00000000 9.00000000 0.00143370 0.00322917 0.00145602 0.00282105 0.00157715 0.00099161 0.00113738 0.00258725 9.00000000 9.00000000 0.00102704 0.00173273 0.00224334 0.00050619 0.00000048 0.00000000 0.00239741 0.00121379 9.00000000 9.00000000 0.00000048 0.00427837 9.00000000 0.00206417 0.00240291 0.00000048 0.00000048 0.00000048 0.00181171 9.00000000 9.00000000 9.00000000 0.00624884 0.00000048 0.07745844 0.00159578 0.00345587 9.00000000 0.00000048 0.00148749 0.00048666 9.00000000 9.00000000 0.00161382 0.00270314 0.00000048 0.00321008 0.00062882 0.00350777 0.00287820 0.00163466 0.00110920 9.00000000 9.00000000 0.00000048 9.00000000 0.00225988 0.00334300 0.00000048 0.00230057 9.00000000 0.00249628 9.00000000 9.00000000 9.00000000 0.00000048 0.02981014 9.00000000 0.00433009 9.00000000 9.00000000 0.00085332 0.00774646 9.00000000 9.00000000 9.00000000 0.00458270 0.00202684 0.06227261 9.00000000 
C05        0.00353736 0.00194350 0.00351755 9.00000000 0.00302772 0.00058908 9.00000000 9.00000000 9.00000000 0.00293003 0.00311082 0.00218558 0.00137973 0.00089229 0.00264477 0.00285162 0.00172460 9.00000000 9.00000000 0.00187433 0.00106806 0.00200389 0.00416415 0.00113302 0.00239741 0.00000000 0.00333641 9.00000000 9.00000000 0.00000048 0.00073630 0.09162592 0.00216204 0.00203988 0.00000048 0.00154678 0.00000048 0.00230950 9.00000000 9.00000000 9.00000000 0.00257639 0.00521806 0.07315813 0.00196794 0.00174179 0.00000048 0.00121662 0.00301686 0.00115950 9.00000000 9.00000000 0.00392313 0.00079228 0.00081038 0.00347893 0.00260321 0.00162155 0.00208562 0.00427670 0.00269710 9.00000000 9.00000000 0.00298558 0.00000048 0.00368246 0.00214199 0.00161796 0.00283985 9.00000000 0.00296615 9.00000000 9.00000000 9.00000000 0.00000048 0.03089934 9.00000000 0.00179369 0.00000048 9.00000000 0.00590223 0.00321520 9.00000000 9.00000000 9.00000000 0.00173220 0.00292639 0.06535109 9.00000000 
C06        0.00382607 0.00314645 0.00167120 9.00000000 0.00251423 0.00118432 9.00000000 0.01860597 0.02026491 0.00235532 0.00137695 0.00265502 0.00273921 0.00728850 0.00246660 0.00348278 0.00218292 9.00000000 9.00000000 0.00307334 0.00111362 0.00155122 0.00217397 0.00245691 0.00121379 0.00333641 0.00000000 9.00000000 9.00000000 0.01075488 0.00000048 0.09937320 0.00541283 0.00205480 0.00000048 0.00206198 0.00000048 0.00332495 9.00000000 9.00000000 9.00000000 0.00193769 0.00320153 0.07405936 0.00322857 0.00292968 0.00000048 0.00125188 0.00413185 0.00654731 9.00000000 9.00000000 0.00237502 0.00401257 0.00169747 0.00422221 0.00278979 0.00241151 0.00058141 0.00315535 0.00447711 9.00000000 9.00000000 0.00000048 0.00000048 0.00315945 0.00566352 0.00234684 0.00661350 9.00000000 0.00395859 9.00000000 9.00000000 9.00000000 0.00000048 0.03062842 9.00000000 0.00471063 0.00000048 9.00000000 0.00165094 0.00199028 0.01502312 9.00000000 9.00000000 0.00852007 0.00088603 0.07795531 0.01732594 
C07        9.00000000 9.00000000 9.00000000 0.02135935 9.00000000 9.00000000 0.04397237 0.00757604 0.00000048 9.00000000 9.00000000 9.00000000 9.00000000 9.00000000 9.00000000 9.00000000 9.00000000 0.00084141 9.00000000 9.00000000 9.00000000 9.00000000 9.00000000 9.00000000 9.00000000 9.00000000 9.00000000 0.00000000 0.00057284 9.00000000 9.00000000 9.00000000 9.00000000 9.00000000 9.00000000 9.00000000 9.00000000 9.00000000 0.01067612 0.00042289 0.02908570 9.00000000 9.00000000 9.00000000 9.00000000 9.00000000 9.00000000 9.00000000 9.00000000 9.00000000 0.00000048 9.00000000 9.00000000 9.00000000 9.00000000 9.00000000 9.00000000 9.00000000 9.00000000 9.00000000 9.00000000 0.00000048 9.00000000 9.00000000 9.00000000 9.00000000 9.00000000 9.00000000 9.00000000 9.00000000 9.00000000 0.00035889 0.00000048 9.00000000 9.00000000 9.00000000 0.00000048 9.00000000 9.00000000 0.02692301 9.00000000 9.00000000 0.00028030 0.00000048 0.00000048 9.00000000 9.00000000 9.00000000 0.00070037 
C08        9.00000000 9.00000000 9.00000000 0.02167547 9.00000000 9.00000000 0.00000048 0.00246982 0.00195944 9.00000000 9.00000000 9.00000000 9.00000000 9.00000000 9.00000000 9.00000000 9.00000000 0.00168737 0.07704302 9.00000000 9.00000000 9.00000000 9.00000000 9.00000000 9.00000000 9.00000000 9.00000000 0.00057284 0.00000000 9.00000000 9.00000000 9.00000000 9.00000000 9.00000000 9.00000000 9.00000000 9.00000000 9.00000000 0.00000048 0.00143237 0.06146112 9.00000000 9.00000000 9.00000000 9.00000000 9.00000000 9.00000000 9.00000000 9.00000000 9.00000000 0.00114334 0.12910606 9.00000000 9.00000000 9.00000000 9.00000000 9.00000000 9.00000000 9.00000000 9.00000000 9.00000000 9.00000000 0.06894126 9.00000000 9.00000000 9.00000000 9.00000000 9.00000000 9.00000000 9.00000000 9.00000000 0.00206067 0.00000048 0.05353809 9.00000000 9.00000000 0.03152905 9.00000000 9.00000000 0.01944384 9.00000000 9.00000000 0.00207441 0.00120917 0.00217810 9.00000000 9.00000000 9.00000000 0.00115631 
C10        0.00000048 0.00000048 9.00000000 9.00000000 0.01286572 9.00000000 9.00000000 9.00000000 9.00000000 0.00000048 0.00000048 0.00000048 0.00000048 0.00333866 0.00000048 0.00000048 0.00737590 9.00000000 9.00000000 0.00000048 0.00000048 0.00908412 0.08796711 9.00000000 0.00000048 0.00000048 0.01075488 9.00000000 9.00000000 0.00000000 0.00000048 9.00000000 0.00000048 0.00000048 0.00000048 9.00000000 0.00000048 0.00000048 9.00000000 9.00000000 9.00000000 0.00000048 9.00000000 0.10419400 0.00000048 0.00000048 9.00000000 0.00000048 0.00000048 0.00000048 9.00000000 9.00000000 9.00000000 0.00000048 0.00000048 0.00000048 0.00000048 9.00000000 0.01473749 0.00000048 9.00000000 9.00000000 9.00000000 9.00000000 9.00000000 0.00000048 0.00000048 9.00000000 0.00000048 9.00000000 0.00000048 9.00000000 9.00000000 9.00000000 9.00000000 0.00686879 9.00000000 0.00000048 9.00000000 9.00000000 0.00000048 9.00000000 9.00000000 9.00000000 9.00000000 0.00000048 0.00000048 9.00000000 9.00000000 
C11        0.00046562 0.00333975 0.00000048 9.00000000 0.00053754 0.00000048 9.00000000 9.00000000 9.00000000 0.00456207 0.00329709 0.00426480 0.00262448 0.00124524 0.00377641 0.00410564 0.00182348 9.00000000 9.00000000 0.00044899 0.00000048 0.00166667 0.00229435 0.00000048 0.00427837 0.00073630 0.00000048 9.00000000 9.00000000 0.00000048 0.00000000 0.03656854 0.00000048 0.00085258 0.00148709 0.00140438 0.00000048 0.00145452 9.00000000 9.00000000 9.00000000 0.00368524 0.00000048 0.08914993 0.00235399 0.00339953 0.00000048 0.00193509 0.00245456 0.00000048 9.00000000 9.00000000 0.00000048 0.00684925 0.00000048 0.00000048 0.00190147 0.00614975 0.00249211 0.00372033 0.00847398 9.00000000 9.00000000 0.00000048 9.00000000 0.00113236 0.00072631 0.00000048 0.01059675 0.00000048 0.00299579 9.00000000 9.00000000 9.00000000 9.00000000 0.03290490 9.00000000 0.00101715 0.00000048 9.00000000 0.01326891 0.00124576 9.00000000 9.00000000 9.00000000 0.00000048 0.00381203 0.10792421 9.00000000 
C12        0.11671203 0.08526179 9.00000000 9.00000000 9.00000000 9.00000000 9.00000000 9.00000000 9.00000000 0.19220263 0.11876100 0.13113864 0.11533491 0.04574830 0.12945630 0.12437329 0.09326732 9.00000000 9.00000000 0.11810877 9.00000000 9.00000000 0.11978131 9.00000000 9.00000000 0.09162592 0.09937320 9.00000000 9.00000000 9.00000000 0.03656854 0.00000000 0.08183387 0.11556614 9.00000000 9.00000000 9.00000000 0.10009546 9.00000000 9.00000000 9.00000000 0.11216714 0.12314521 0.00151807 0.08526800 9.00000000 9.00000000 0.09153198 0.08847693 0.16601581 9.00000000 9.00000000 9.00000000 0.13112126 9.00000000 0.12670114 0.15665451 9.00000000 0.22472308 9.00000000 0.11464642 9.00000000 9.00000000 9.00000000 9.00000000 0.10087998 0.09320273 9.00000000 9.00000000 9.00000000 0.13251070 9.00000000 9.00000000 9.00000000 9.00000000 0.00000048 9.00000000 0.11358739 9.00000000 9.00000000 0.11354227 9.00000000 9.00000000 9.00000000 9.00000000 9.00000000 0.08286598 0.00089854 9.00000000 
D01        0.00242147 0.00134235 0.00501675 9.00000000 0.00295153 0.00453533 9.00000000 9.00000000 9.00000000 0.00457160 0.00200190 0.00287273 0.00190788 0.00347119 0.00441680 0.00343386 0.00189324 9.00000000 9.00000000 0.00484741 0.01017898 0.00728464 0.00277125 0.01515666 0.00206417 0.00216204 0.00541283 9.00000000 9.00000000 0.00000048 0.00000048 0.08183387 0.00000000 0.00560188 0.00180003 0.00571379 0.00000048 0.00115163 9.00000000 9.00000000 9.00000000 0.00172159 0.01402572 0.07825473 0.00310262 0.00403768 0.00000048 0.00054349 0.00221173 0.00167749 9.00000000 9.00000000 0.01746328 0.00000048 0.00102338 0.00432146 0.00172166 0.00581751 0.00404864 0.00427762 0.00163598 9.00000000 9.00000000 0.00000048 9.00000000 0.00421223 0.00244019 0.00000048 0.00345628 9.00000000 0.00276463 9.00000000 9.00000000 9.00000000 9.00000000 0.03206353 9.00000000 0.00280595 0.00315492 9.00000000 0.00391784 0.00242183 9.00000000 9.00000000 9.00000000 0.00394036 0.00316092 0.06360209 9.00000000 
D02        0.00445611 0.00420862 0.01522122 9.00000000 0.00469493 0.00143591 9.00000000 9.00000000 9.00000000 0.00536302 0.00206136 0.00252624 0.00270619 0.00204540 0.00220145 0.00233524 0.00155647 9.00000000 9.00000000 0.00327248 0.00241881 0.00289916 0.00307279 0.00206765 0.00240291 0.00203988 0.00205480 9.00000000 9.00000000 0.00000048 0.00085258 0.11556614 0.00560188 0.00000000 0.00134716 0.00343961 0.00487860 0.00222014 9.00000000 9.00000000 9.00000000 0.00288683 0.00249286 0.06679962 0.00232322 0.00349653 0.00434814 0.00191397 0.00221073 0.00608611 9.00000000 9.00000000 0.00273825 0.00209386 0.00094556 0.00333341 0.00257631 0.00618164 0.00176502 0.00477191 0.00384927 9.00000000 9.00000000 0.00000048 9.00000000 0.00296950 0.00270623 0.00000048 0.00315482 9.00000000 0.00246602 9.00000000 9.00000000 9.00000000 9.00000000 0.03216674 9.00000000 0.00088000 0.00000048 9.00000000 0.00226895 0.00203771 9.00000000 9.00000000 9.00000000 0.00507769 0.00343990 0.08223286 9.00000000 
D03        0.00000048 0.00081157 0.00000048 9.00000000 0.00000048 0.00000048 9.00000000 9.00000000 9.00000000 0.00000048 0.00123265 0.00000048 0.00000048 0.00000048 0.00164266 0.00000048 0.00000048 9.00000000 9.00000000 0.00412634 0.00147875 0.00000048 0.00185913 0.00000048 0.00000048 0.00000048 0.00000048 9.00000000 9.00000000 0.00000048 0.00148709 9.00000000 0.00180003 0.00134716 0.00000000 0.00000048 0.00000048 0.00000048 9.00000000 9.00000000 9.00000000 0.00000048 0.00000048 0.05738944 0.00088199 0.00000048 0.00000048 0.00000048 0.00378157 0.00000048 9.00000000 9.00000000 0.00000048 0.00000048 0.00000048 0.00118935 0.00000048 0.00000048 0.00131195 0.00127595 0.00367232 9.00000000 9.00000000 0.00000048 9.00000000 0.00291001 0.00000048 9.00000000 0.00000048 0.00000048 0.00123724 9.00000000 9.00000000 9.00000000 9.00000000 0.03567877 9.00000000 0.00000048 0.00000048 9.00000000 0.00000048 0.00289684 9.00000000 9.00000000 9.00000000 0.00307435 0.00633168 0.05202944 9.00000000 
D04        0.00239155 0.00144950 0.00166003 9.00000000 0.00410191 0.00194732 9.00000000 9.00000000 9.00000000 0.00625428 0.00530749 0.00303719 0.00071605 0.00289675 0.00258843 0.00433866 0.00327647 9.00000000 9.00000000 0.00363505 0.01270402 0.00044895 0.00564704 0.00000048 0.00000048 0.00154678 0.00206198 9.00000000 9.00000000 9.00000000 0.00140438 9.00000000 0.00571379 0.00343961 0.00000048 0.00000000 0.00000048 0.01655928 9.00000000 9.00000000 9.00000000 0.00968204 0.00000048 0.05441099 0.00084201 0.00187723 0.07979415 0.01366253 0.00410821 0.00205950 9.00000000 9.00000000 0.00000048 0.00194253 0.00244376 0.00563923 0.00285007 0.00232649 0.00576305 0.00257184 0.00583124 9.00000000 9.00000000 9.00000000 9.00000000 0.02620035 0.00509698 0.02624345 0.01142023 0.07413415 0.00477522 9.00000000 9.00000000 9.00000000 9.00000000 0.04250534 9.00000000 0.00628796 0.00245178 9.00000000 0.00000048 0.00457097 9.00000000 9.00000000 9.00000000 0.00768714 0.00718004 0.07059158 9.00000000 
D05        0.00000048 0.00000048 0.00533117 9.00000000 0.00000048 0.00000048 9.00000000 9.00000000 9.00000000 0.00000048 0.00000048 0.00000048 0.00000048 0.00000048 0.00000048 0.00000048 0.00000048 9.00000000 9.00000000 0.00000048 0.00000048 0.00000048 0.00000048 0.00000048 0.00000048 0.00000048 0.00000048 9.00000000 9.00000000 0.00000048 0.00000048 9.00000000 0.00000048 0.00487860 0.00000048 0.00000048 0.00000000 0.00000048 9.00000000 9.00000000 9.00000000 0.00000048 0.00000048 9.00000000 0.00000048 0.00000048 0.00000048 9.00000000 0.00000048 0.00000048 9.00000000 9.00000000 9.00000000 0.01190286 0.00000048 0.00977152 0.00000048 0.00000048 0.00000048 0.00000048 0.01419528 9.00000000 9.00000000 0.00000048 9.00000000 0.00000048 0.00000048 0.00000048 0.01712561 9.00000000 0.00000048 9.00000000 9.00000000 9.00000000 9.00000000 9.00000000 9.00000000 0.00000048 0.00000048 9.00000000 0.00000048 0.00318461 9.00000000 9.00000000 9.00000000 0.00000048 0.00000048 9.00000000 9.00000000 
D06        0.00309747 0.00342687 0.00000048 9.00000000 0.00369340 0.00360221 9.00000000 9.00000000 9.00000000 0.00184431 0.00275481 0.00182452 0.00254352 0.00526056 0.00235823 0.00265870 0.00229783 9.00000000 9.00000000 0.00045254 0.00231106 0.00072082 0.00377190 0.00419397 0.00181171 0.00230950 0.00332495 9.00000000 9.00000000 0.00000048 0.00145452 0.10009546 0.00115163 0.00222014 0.00000048 0.01655928 0.00000048 0.00000000 9.00000000 9.00000000 9.00000000 0.00439962 0.00273620 0.07329698 0.00257412 0.00504817 0.00834381 0.00713419 0.00266647 0.00235194 9.00000000 9.00000000 0.00000048 0.00476775 0.00000048 0.00369400 0.00129018 0.00490056 0.00282561 0.00423997 0.00363107 9.00000000 9.00000000 0.00216293 9.00000000 0.00624737 0.00166431 0.00463943 0.00034008 0.01054915 0.00194332 9.00000000 9.00000000 9.00000000 0.00940504 0.02423380 9.00000000 0.00406887 0.00000048 9.00000000 0.00268847 0.00316575 9.00000000 9.00000000 9.00000000 0.00421205 0.00110787 0.07300274 9.00000000 
D07        9.00000000 9.00000000 9.00000000 0.02830316 9.00000000 9.00000000 0.00000048 0.00000048 0.00000048 9.00000000 9.00000000 9.00000000 9.00000000 9.00000000 9.00000000 9.00000000 9.00000000 0.00000048 9.00000000 9.00000000 9.00000000 9.00000000 9.00000000 9.00000000 9.00000000 9.00000000 9.00000000 0.01067612 0.00000048 9.00000000 9.00000000 9.00000000 9.00000000 9.00000000 9.00000000 9.00000000 9.00000000 9.00000000 0.00000000 0.00000048 0.02912401 9.00000000 9.00000000 9.00000000 9.00000000 9.00000000 9.00000000 9.00000000 9.00000000 9.00000000 0.00364326 9.00000000 9.00000000 9.00000000 9.00000000 9.00000000 9.00000000 9.00000000 9.00000000 9.00000000 9.00000000 9.00000000 9.00000000 9.00000000 9.00000000 9.00000000 9.00000000 9.00000000 9.00000000 9.00000000 9.00000000 0.00000048 9.00000000 9.00000000 9.00000000 9.00000000 0.01268980 9.00000000 9.00000000 0.01813954 9.00000000 9.00000000 0.00000048 0.00000048 0.01576061 9.00000000 9.00000000 9.00000000 0.00875426 
D08        9.00000000 9.00000000 9.00000000 0.02154057 9.00000000 9.00000000 9.00000000 0.00095033 0.00198670 9.00000000 9.00000000 9.00000000 9.00000000 9.00000000 9.00000000 9.00000000 9.00000000 0.00073260 0.07826622 9.00000000 9.00000000 9.00000000 9.00000000 9.00000000 9.00000000 9.00000000 9.00000000 0.00042289 0.00143237 9.00000000 9.00000000 9.00000000 9.00000000 9.00000000 9.00000000 9.00000000 9.00000000 9.00000000 0.00000048 0.00000000 0.07628865 9.00000000 9.00000000 9.00000000 9.00000000 9.00000000 9.00000000 9.00000000 9.00000000 9.00000000 0.00131827 0.20297021 9.00000000 9.00000000 9.00000000 9.00000000 9.00000000 9.00000000 9.00000000 9.00000000 9.00000000 0.00000048 0.09271140 9.00000000 9.00000000 9.00000000 9.00000000 9.00000000 9.00000000 9.00000000 9.00000000 0.00102855 9.00000000 0.04741652 9.00000000 9.00000000 0.00000048 9.00000000 9.00000000 0.02103080 9.00000000 9.00000000 0.00183452 0.00054242 0.00107732 9.00000000 9.00000000 9.00000000 0.00101762 
